feiertage <- c(
"01.01.2006",# Neujahr
"02.01.2006",# KEIN-FEIERTAG-ABER-RAUS: Schulferien
"03.01.2006",# KEIN-FEIERTAG-ABER-RAUS: Schulferien
"04.01.2006",# KEIN-FEIERTAG-ABER-RAUS: Schulferien
"05.01.2006",# KEIN-FEIERTAG-ABER-RAUS: Schulferien                              
"06.01.2006",# Heilige Drei Könige
"14.04.2006",# Karfreitag
"17.04.2006",# Ostern
"30.04.2006",# Tanz in den Mai                   
"01.05.2006",# Maifeiertag
"25.05.2006",# Christi Himmelfahrt
"26.05.2006",# Brückentag                
"05.06.2006",# Pfingsten
"15.06.2006",# Fronleichnam
"16.06.2006",# Brückentag                               
"08.08.2006",# Friedensfest (nur in Augsburg)
"15.08.2006",# Maria Himmelfahrt
"02.10.2006",# KEIN-FEIERTAG-ABER-RAUS: Schulferien (Herbstferien-Beginn)                 
"03.10.2006",# Tag der deutschen Einheit               
"31.10.2006",# Reformationstag
"01.11.2006",# Allerheiligen
"22.11.2006",# Buß- und Bettag
"21.12.2006",# KEIN-FEIERTAG-ABER-RAUS: Schulferien                
"22.12.2006",# KEIN-FEIERTAG-ABER-RAUS: Schulferien               
"23.12.2006",# KEIN-FEIERTAG-ABER-RAUS: Schulferien               
"24.12.2006",# KEIN-FEIERTAG-ABER-RAUS: Schulferien               
"25.12.2006",# 1. Weihnachtstag  
"26.12.2006",# 2. Weihnachtstag  
"27.12.2006",# KEIN-FEIERTAG-ABER-RAUS: Schulferien
"28.12.2006",# KEIN-FEIERTAG-ABER-RAUS: Schulferien
"29.12.2006",# KEIN-FEIERTAG-ABER-RAUS: Schulferien
"30.12.2006",# KEIN-FEIERTAG-ABER-RAUS: Schulferien
"31.12.2006",# KEIN-FEIERTAG-ABER-RAUS: Schulferien               
"01.01.2007",# Neujahr
"02.01.2007",# KEIN-FEIERTAG-ABER-RAUS: Schulferien
"03.01.2007",# KEIN-FEIERTAG-ABER-RAUS: Schulferien
"04.01.2007",# KEIN-FEIERTAG-ABER-RAUS: Schulferien
"05.01.2007",# KEIN-FEIERTAG-ABER-RAUS: Schulferien                                             
"06.01.2007",# Heilige Drei Könige
"06.04.2007",# Karfreitag 
"09.04.2007",# Ostern
"30.04.2007",# Tanz-in den Mai                   
"01.05.2007",# Maifeiertag
"17.05.2007",# Christi Himmelfahrt
"18.05.2007",# Brückentag               
"28.05.2007",# Pfingsten
"07.06.2007",# Fronleichnam 
"08.06.2007",# Friedensfest 
"15.06.2007",# Maria Himmelfahrt 
"03.10.2007",# Tag der deutschen Einheit
"31.10.2007",# Reformationstag
"01.11.2007",# Allerheiligen
"02.11.2007",# Brückentag
"05.11.2007",# Brückentag               
"21.11.2007",# Buß- und Bettag
"21.12.2007",# KEIN-FEIERTAG-ABER-RAUS: Schulferien
"22.12.2007",# KEIN-FEIERTAG-ABER-RAUS: Schulferien               
"23.12.2007",# KEIN-FEIERTAG-ABER-RAUS: Schulferien               
"24.12.2007",# KEIN-FEIERTAG-ABER-RAUS: Schulferien               
"25.12.2007",# 1. Weihnachtstag
"26.12.2007",# 2. Weihnachtstag
"27.12.2007",# KEIN-FEIERTAG-ABER-RAUS: Schulferien
"28.12.2007",# KEIN-FEIERTAG-ABER-RAUS: Schulferien
"29.12.2007",# KEIN-FEIERTAG-ABER-RAUS: Schulferien
"30.12.2007",# KEIN-FEIERTAG-ABER-RAUS: Schulferien
"31.12.2007",# KEIN-FEIERTAG-ABER-RAUS: Schulferien
"01.01.2008",# Neujahr  
"02.01.2008",# KEIN-FEIERTAG-ABER-RAUS: Schulferien
"02.01.2008",# KEIN-FEIERTAG-ABER-RAUS: Schulferien
"03.01.2008",# KEIN-FEIERTAG-ABER-RAUS: Schulferien
"04.01.2008",# KEIN-FEIERTAG-ABER-RAUS: Schulferien
"05.01.2008",# KEIN-FEIERTAG-ABER-RAUS: Schulferien               
"06.01.2008",# Heilige drei Könige
"07.01.2008",# KEIN-FEIERTAG-ABER-RAUS: Brückentag                
"04.02.2008",# Rosenmontag 			
"05.02.2008",# Fastnachtsdienstag 			
"06.02.2008",# Aschermittwoch 			
"14.02.2008",# Valentinstag 			
"21.03.2008",# Karfreitag	
"23.03.2008",# Ostern 			
"24.03.2008",# Ostermontag 
"30.04.2008",# Tanz-in den Mai               
"01.05.2008",# Christi Himmelfahrt 	
"02.05.2008",# Brückentag 	
"11.05.2008",# Pfingstsonntag 			
"11.05.2008",# Muttertag 			
"12.05.2008",# Pfingstmontag	
"22.05.2008",# Fronleichnam 
"23.05.2008",# Brückentag
"21.07.2008",# Ferienbeginn in 2 Bundesländern (Meckl.-Vorp u. Schles.-Holstein)	               
"08.08.2008",# Friedensfest (Augsburg)
"04.08.2008",# Beginn Schulferien in Bayern
"05.08.2008",# Beginn Schulferien in Bayern
"13.08.2008",# 	Brückentag zu Mariä Himmelfahrt
"14.08.2008",# 	Brückentag zu Mariä Himmelfahrt
"15.08.2008" # 	Mariä Himmelfahrt
)
